0.000000000000000000e+00 4.065000000000000000e+03 7.840000000000000000e+03 1.161400000000000000e+04 1.538900000000000000e+04 1.916300000000000000e+04 2.293800000000000000e+04 2.671300000000000000e+04 3.048700000000000000e+04 3.426200000000000000e+04 3.803600000000000000e+04 4.181100000000000000e+04 4.558600000000000000e+04 4.936000000000000000e+04 5.313500000000000000e+04 5.690900000000000000e+04 6.068400000000000000e+04 6.445900000000000000e+04 6.823300000000000000e+04 7.200800000000000000e+04 7.578200000000000000e+04 7.955700000000000000e+04 8.333200000000000000e+04 8.710600000000000000e+04 9.088100000000000000e+04 9.465500000000000000e+04 9.843000000000000000e+04 1.022050000000000000e+05 1.059790000000000000e+05 1.097530000000000000e+05 1.135270000000000000e+05 1.173000000000000000e+05 1.210730000000000000e+05 1.248460000000000000e+05 1.286200000000000000e+05 1.323940000000000000e+05 1.361680000000000000e+05 1.399420000000000000e+05 1.437160000000000000e+05 1.474910000000000000e+05 1.512650000000000000e+05 1.550390000000000000e+05 1.588140000000000000e+05 1.625880000000000000e+05 1.663630000000000000e+05 1.701370000000000000e+05 1.739110000000000000e+05 1.776860000000000000e+05 1.814600000000000000e+05 1.852350000000000000e+05 1.890090000000000000e+05 1.927830000000000000e+05 1.965580000000000000e+05 2.003320000000000000e+05 2.041070000000000000e+05 2.078810000000000000e+05 2.116550000000000000e+05 2.154300000000000000e+05 2.192040000000000000e+05 2.229790000000000000e+05 2.267530000000000000e+05 2.305270000000000000e+05 2.343020000000000000e+05 2.380760000000000000e+05 2.418510000000000000e+05 2.456250000000000000e+05 2.493990000000000000e+05 2.531740000000000000e+05 2.569480000000000000e+05 2.607230000000000000e+05 2.644970000000000000e+05 2.682710000000000000e+05 2.720460000000000000e+05 2.758200000000000000e+05 2.795950000000000000e+05
4.065000000000000000e+03 0.000000000000000000e+00 3.775000000000000000e+03 7.549000000000000000e+03 1.132400000000000000e+04 1.509800000000000000e+04 1.887300000000000000e+04 2.264800000000000000e+04 2.642200000000000000e+04 3.019700000000000000e+04 3.397100000000000000e+04 3.774600000000000000e+04 4.152100000000000000e+04 4.529500000000000000e+04 4.907000000000000000e+04 5.284400000000000000e+04 5.661900000000000000e+04 6.039400000000000000e+04 6.416800000000000000e+04 6.794300000000000000e+04 7.171700000000000000e+04 7.549200000000000000e+04 7.926700000000000000e+04 8.304100000000000000e+04 8.681600000000000000e+04 9.059000000000000000e+04 9.436500000000000000e+04 9.814000000000000000e+04 1.019140000000000000e+05 1.056880000000000000e+05 1.094620000000000000e+05 1.132350000000000000e+05 1.170080000000000000e+05 1.207810000000000000e+05 1.245550000000000000e+05 1.283290000000000000e+05 1.321030000000000000e+05 1.358770000000000000e+05 1.396510000000000000e+05 1.434260000000000000e+05 1.472000000000000000e+05 1.509740000000000000e+05 1.547490000000000000e+05 1.585230000000000000e+05 1.622980000000000000e+05 1.660720000000000000e+05 1.698460000000000000e+05 1.736210000000000000e+05 1.773950000000000000e+05 1.811700000000000000e+05 1.849440000000000000e+05 1.887180000000000000e+05 1.924930000000000000e+05 1.962670000000000000e+05 2.000420000000000000e+05 2.038160000000000000e+05 2.075900000000000000e+05 2.113650000000000000e+05 2.151390000000000000e+05 2.189140000000000000e+05 2.226880000000000000e+05 2.264620000000000000e+05 2.302370000000000000e+05 2.340110000000000000e+05 2.377860000000000000e+05 2.415600000000000000e+05 2.453340000000000000e+05 2.491090000000000000e+05 2.528830000000000000e+05 2.566580000000000000e+05 2.604320000000000000e+05 2.642060000000000000e+05 2.679810000000000000e+05 2.717550000000000000e+05 2.755300000000000000e+05
7.840000000000000000e+03 3.775000000000000000e+03 0.000000000000000000e+00 3.774000000000000000e+03 7.549000000000000000e+03 1.132300000000000000e+04 1.509800000000000000e+04 1.887300000000000000e+04 2.264700000000000000e+04 2.642200000000000000e+04 3.019600000000000000e+04 3.397100000000000000e+04 3.774600000000000000e+04 4.152000000000000000e+04 4.529500000000000000e+04 4.906900000000000000e+04 5.284400000000000000e+04 5.661900000000000000e+04 6.039300000000000000e+04 6.416800000000000000e+04 6.794200000000000000e+04 7.171700000000000000e+04 7.549200000000000000e+04 7.926600000000000000e+04 8.304100000000000000e+04 8.681500000000000000e+04 9.059000000000000000e+04 9.436500000000000000e+04 9.813900000000000000e+04 1.019130000000000000e+05 1.056870000000000000e+05 1.094600000000000000e+05 1.132330000000000000e+05 1.170060000000000000e+05 1.207800000000000000e+05 1.245540000000000000e+05 1.283280000000000000e+05 1.321020000000000000e+05 1.358760000000000000e+05 1.396510000000000000e+05 1.434250000000000000e+05 1.471990000000000000e+05 1.509740000000000000e+05 1.547480000000000000e+05 1.585230000000000000e+05 1.622970000000000000e+05 1.660710000000000000e+05 1.698460000000000000e+05 1.736200000000000000e+05 1.773950000000000000e+05 1.811690000000000000e+05 1.849430000000000000e+05 1.887180000000000000e+05 1.924920000000000000e+05 1.962670000000000000e+05 2.000410000000000000e+05 2.038150000000000000e+05 2.075900000000000000e+05 2.113640000000000000e+05 2.151390000000000000e+05 2.189130000000000000e+05 2.226870000000000000e+05 2.264620000000000000e+05 2.302360000000000000e+05 2.340110000000000000e+05 2.377850000000000000e+05 2.415590000000000000e+05 2.453340000000000000e+05 2.491080000000000000e+05 2.528830000000000000e+05 2.566570000000000000e+05 2.604310000000000000e+05 2.642060000000000000e+05 2.679800000000000000e+05 2.717550000000000000e+05
1.161400000000000000e+04 7.549000000000000000e+03 3.774000000000000000e+03 0.000000000000000000e+00 3.775000000000000000e+03 7.549000000000000000e+03 1.132400000000000000e+04 1.509900000000000000e+04 1.887300000000000000e+04 2.264800000000000000e+04 2.642200000000000000e+04 3.019700000000000000e+04 3.397200000000000000e+04 3.774600000000000000e+04 4.152100000000000000e+04 4.529500000000000000e+04 4.907000000000000000e+04 5.284500000000000000e+04 5.661900000000000000e+04 6.039400000000000000e+04 6.416800000000000000e+04 6.794300000000000000e+04 7.171800000000000000e+04 7.549200000000000000e+04 7.926700000000000000e+04 8.304100000000000000e+04 8.681600000000000000e+04 9.059100000000000000e+04 9.436500000000000000e+04 9.813900000000000000e+04 1.019130000000000000e+05 1.056860000000000000e+05 1.094590000000000000e+05 1.132320000000000000e+05 1.170060000000000000e+05 1.207800000000000000e+05 1.245540000000000000e+05 1.283280000000000000e+05 1.321020000000000000e+05 1.358770000000000000e+05 1.396510000000000000e+05 1.434250000000000000e+05 1.472000000000000000e+05 1.509740000000000000e+05 1.547490000000000000e+05 1.585230000000000000e+05 1.622970000000000000e+05 1.660720000000000000e+05 1.698460000000000000e+05 1.736210000000000000e+05 1.773950000000000000e+05 1.811690000000000000e+05 1.849440000000000000e+05 1.887180000000000000e+05 1.924930000000000000e+05 1.962670000000000000e+05 2.000410000000000000e+05 2.038160000000000000e+05 2.075900000000000000e+05 2.113650000000000000e+05 2.151390000000000000e+05 2.189130000000000000e+05 2.226880000000000000e+05 2.264620000000000000e+05 2.302370000000000000e+05 2.340110000000000000e+05 2.377850000000000000e+05 2.415600000000000000e+05 2.453340000000000000e+05 2.491090000000000000e+05 2.528830000000000000e+05 2.566570000000000000e+05 2.604320000000000000e+05 2.642060000000000000e+05 2.679810000000000000e+05
1.538900000000000000e+04 1.132400000000000000e+04 7.549000000000000000e+03 3.775000000000000000e+03 0.000000000000000000e+00 3.774000000000000000e+03 7.549000000000000000e+03 1.132400000000000000e+04 1.509800000000000000e+04 1.887300000000000000e+04 2.264700000000000000e+04 2.642200000000000000e+04 3.019700000000000000e+04 3.397100000000000000e+04 3.774600000000000000e+04 4.152000000000000000e+04 4.529500000000000000e+04 4.907000000000000000e+04 5.284400000000000000e+04 5.661900000000000000e+04 6.039300000000000000e+04 6.416800000000000000e+04 6.794300000000000000e+04 7.171700000000000000e+04 7.549200000000000000e+04 7.926600000000000000e+04 8.304100000000000000e+04 8.681600000000000000e+04 9.059000000000000000e+04 9.436400000000000000e+04 9.813800000000000000e+04 1.019110000000000000e+05 1.056840000000000000e+05 1.094570000000000000e+05 1.132310000000000000e+05 1.170050000000000000e+05 1.207790000000000000e+05 1.245530000000000000e+05 1.283270000000000000e+05 1.321020000000000000e+05 1.358760000000000000e+05 1.396500000000000000e+05 1.434250000000000000e+05 1.471990000000000000e+05 1.509740000000000000e+05 1.547480000000000000e+05 1.585220000000000000e+05 1.622970000000000000e+05 1.660710000000000000e+05 1.698460000000000000e+05 1.736200000000000000e+05 1.773940000000000000e+05 1.811690000000000000e+05 1.849430000000000000e+05 1.887180000000000000e+05 1.924920000000000000e+05 1.962660000000000000e+05 2.000410000000000000e+05 2.038150000000000000e+05 2.075900000000000000e+05 2.113640000000000000e+05 2.151380000000000000e+05 2.189130000000000000e+05 2.226870000000000000e+05 2.264620000000000000e+05 2.302360000000000000e+05 2.340100000000000000e+05 2.377850000000000000e+05 2.415590000000000000e+05 2.453340000000000000e+05 2.491080000000000000e+05 2.528820000000000000e+05 2.566570000000000000e+05 2.604310000000000000e+05 2.642060000000000000e+05
1.916300000000000000e+04 1.509800000000000000e+04 1.132300000000000000e+04 7.549000000000000000e+03 3.774000000000000000e+03 0.000000000000000000e+00 3.775000000000000000e+03 7.550000000000000000e+03 1.132400000000000000e+04 1.509900000000000000e+04 1.887300000000000000e+04 2.264800000000000000e+04 2.642300000000000000e+04 3.019700000000000000e+04 3.397200000000000000e+04 3.774600000000000000e+04 4.152100000000000000e+04 4.529600000000000000e+04 4.907000000000000000e+04 5.284500000000000000e+04 5.661900000000000000e+04 6.039400000000000000e+04 6.416900000000000000e+04 6.794300000000000000e+04 7.171800000000000000e+04 7.549200000000000000e+04 7.926700000000000000e+04 8.304200000000000000e+04 8.681600000000000000e+04 9.059000000000000000e+04 9.436400000000000000e+04 9.813700000000000000e+04 1.019100000000000000e+05 1.056830000000000000e+05 1.094570000000000000e+05 1.132310000000000000e+05 1.170050000000000000e+05 1.207790000000000000e+05 1.245530000000000000e+05 1.283280000000000000e+05 1.321020000000000000e+05 1.358760000000000000e+05 1.396510000000000000e+05 1.434250000000000000e+05 1.472000000000000000e+05 1.509740000000000000e+05 1.547480000000000000e+05 1.585230000000000000e+05 1.622970000000000000e+05 1.660720000000000000e+05 1.698460000000000000e+05 1.736200000000000000e+05 1.773950000000000000e+05 1.811690000000000000e+05 1.849440000000000000e+05 1.887180000000000000e+05 1.924920000000000000e+05 1.962670000000000000e+05 2.000410000000000000e+05 2.038160000000000000e+05 2.075900000000000000e+05 2.113640000000000000e+05 2.151390000000000000e+05 2.189130000000000000e+05 2.226880000000000000e+05 2.264620000000000000e+05 2.302360000000000000e+05 2.340110000000000000e+05 2.377850000000000000e+05 2.415600000000000000e+05 2.453340000000000000e+05 2.491080000000000000e+05 2.528830000000000000e+05 2.566570000000000000e+05 2.604320000000000000e+05
2.293800000000000000e+04 1.887300000000000000e+04 1.509800000000000000e+04 1.132400000000000000e+04 7.549000000000000000e+03 3.775000000000000000e+03 0.000000000000000000e+00 3.775000000000000000e+03 7.549000000000000000e+03 1.132400000000000000e+04 1.509800000000000000e+04 1.887300000000000000e+04 2.264800000000000000e+04 2.642200000000000000e+04 3.019700000000000000e+04 3.397100000000000000e+04 3.774600000000000000e+04 4.152100000000000000e+04 4.529500000000000000e+04 4.907000000000000000e+04 5.284400000000000000e+04 5.661900000000000000e+04 6.039400000000000000e+04 6.416800000000000000e+04 6.794300000000000000e+04 7.171700000000000000e+04 7.549200000000000000e+04 7.926700000000000000e+04 8.304100000000000000e+04 8.681500000000000000e+04 9.058900000000000000e+04 9.436200000000000000e+04 9.813500000000000000e+04 1.019080000000000000e+05 1.056820000000000000e+05 1.094560000000000000e+05 1.132300000000000000e+05 1.170040000000000000e+05 1.207780000000000000e+05 1.245530000000000000e+05 1.283270000000000000e+05 1.321010000000000000e+05 1.358760000000000000e+05 1.396500000000000000e+05 1.434250000000000000e+05 1.471990000000000000e+05 1.509730000000000000e+05 1.547480000000000000e+05 1.585220000000000000e+05 1.622970000000000000e+05 1.660710000000000000e+05 1.698450000000000000e+05 1.736200000000000000e+05 1.773940000000000000e+05 1.811690000000000000e+05 1.849430000000000000e+05 1.887170000000000000e+05 1.924920000000000000e+05 1.962660000000000000e+05 2.000410000000000000e+05 2.038150000000000000e+05 2.075890000000000000e+05 2.113640000000000000e+05 2.151380000000000000e+05 2.189130000000000000e+05 2.226870000000000000e+05 2.264610000000000000e+05 2.302360000000000000e+05 2.340100000000000000e+05 2.377850000000000000e+05 2.415590000000000000e+05 2.453330000000000000e+05 2.491080000000000000e+05 2.528820000000000000e+05 2.566570000000000000e+05
2.671300000000000000e+04 2.264800000000000000e+04 1.887300000000000000e+04 1.509900000000000000e+04 1.132400000000000000e+04 7.550000000000000000e+03 3.775000000000000000e+03 0.000000000000000000e+00 3.774000000000000000e+03 7.549000000000000000e+03 1.132300000000000000e+04 1.509800000000000000e+04 1.887300000000000000e+04 2.264700000000000000e+04 2.642200000000000000e+04 3.019600000000000000e+04 3.397100000000000000e+04 3.774600000000000000e+04 4.152000000000000000e+04 4.529500000000000000e+04 4.906900000000000000e+04 5.284400000000000000e+04 5.661900000000000000e+04 6.039300000000000000e+04 6.416800000000000000e+04 6.794200000000000000e+04 7.171700000000000000e+04 7.549200000000000000e+04 7.926600000000000000e+04 8.304000000000000000e+04 8.681400000000000000e+04 9.058700000000000000e+04 9.436000000000000000e+04 9.813300000000000000e+04 1.019070000000000000e+05 1.056810000000000000e+05 1.094550000000000000e+05 1.132290000000000000e+05 1.170030000000000000e+05 1.207780000000000000e+05 1.245520000000000000e+05 1.283260000000000000e+05 1.321010000000000000e+05 1.358750000000000000e+05 1.396500000000000000e+05 1.434240000000000000e+05 1.471980000000000000e+05 1.509730000000000000e+05 1.547470000000000000e+05 1.585220000000000000e+05 1.622960000000000000e+05 1.660700000000000000e+05 1.698450000000000000e+05 1.736190000000000000e+05 1.773940000000000000e+05 1.811680000000000000e+05 1.849420000000000000e+05 1.887170000000000000e+05 1.924910000000000000e+05 1.962660000000000000e+05 2.000400000000000000e+05 2.038140000000000000e+05 2.075890000000000000e+05 2.113630000000000000e+05 2.151380000000000000e+05 2.189120000000000000e+05 2.226860000000000000e+05 2.264610000000000000e+05 2.302350000000000000e+05 2.340100000000000000e+05 2.377840000000000000e+05 2.415580000000000000e+05 2.453330000000000000e+05 2.491070000000000000e+05 2.528820000000000000e+05
3.048700000000000000e+04 2.642200000000000000e+04 2.264700000000000000e+04 1.887300000000000000e+04 1.509800000000000000e+04 1.132400000000000000e+04 7.549000000000000000e+03 3.774000000000000000e+03 0.000000000000000000e+00 3.775000000000000000e+03 7.549000000000000000e+03 1.132400000000000000e+04 1.509900000000000000e+04 1.887300000000000000e+04 2.264800000000000000e+04 2.642200000000000000e+04 3.019700000000000000e+04 3.397200000000000000e+04 3.774600000000000000e+04 4.152100000000000000e+04 4.529500000000000000e+04 4.907000000000000000e+04 5.284500000000000000e+04 5.661900000000000000e+04 6.039400000000000000e+04 6.416800000000000000e+04 6.794300000000000000e+04 7.171800000000000000e+04 7.549200000000000000e+04 7.926600000000000000e+04 8.304000000000000000e+04 8.681300000000000000e+04 9.058600000000000000e+04 9.435900000000000000e+04 9.813300000000000000e+04 1.019070000000000000e+05 1.056810000000000000e+05 1.094550000000000000e+05 1.132290000000000000e+05 1.170040000000000000e+05 1.207780000000000000e+05 1.245520000000000000e+05 1.283270000000000000e+05 1.321010000000000000e+05 1.358760000000000000e+05 1.396500000000000000e+05 1.434240000000000000e+05 1.471990000000000000e+05 1.509730000000000000e+05 1.547480000000000000e+05 1.585220000000000000e+05 1.622960000000000000e+05 1.660710000000000000e+05 1.698450000000000000e+05 1.736200000000000000e+05 1.773940000000000000e+05 1.811680000000000000e+05 1.849430000000000000e+05 1.887170000000000000e+05 1.924920000000000000e+05 1.962660000000000000e+05 2.000400000000000000e+05 2.038150000000000000e+05 2.075890000000000000e+05 2.113640000000000000e+05 2.151380000000000000e+05 2.189120000000000000e+05 2.226870000000000000e+05 2.264610000000000000e+05 2.302360000000000000e+05 2.340100000000000000e+05 2.377840000000000000e+05 2.415590000000000000e+05 2.453330000000000000e+05 2.491080000000000000e+05
3.426200000000000000e+04 3.019700000000000000e+04 2.642200000000000000e+04 2.264800000000000000e+04 1.887300000000000000e+04 1.509900000000000000e+04 1.132400000000000000e+04 7.549000000000000000e+03 3.775000000000000000e+03 0.000000000000000000e+00 3.774000000000000000e+03 7.549000000000000000e+03 1.132400000000000000e+04 1.509800000000000000e+04 1.887300000000000000e+04 2.264700000000000000e+04 2.642200000000000000e+04 3.019700000000000000e+04 3.397100000000000000e+04 3.774600000000000000e+04 4.152000000000000000e+04 4.529500000000000000e+04 4.907000000000000000e+04 5.284400000000000000e+04 5.661900000000000000e+04 6.039300000000000000e+04 6.416800000000000000e+04 6.794300000000000000e+04 7.171700000000000000e+04 7.549100000000000000e+04 7.926500000000000000e+04 8.303800000000000000e+04 8.681100000000000000e+04 9.058400000000000000e+04 9.435800000000000000e+04 9.813200000000000000e+04 1.019060000000000000e+05 1.056800000000000000e+05 1.094540000000000000e+05 1.132290000000000000e+05 1.170030000000000000e+05 1.207770000000000000e+05 1.245520000000000000e+05 1.283260000000000000e+05 1.321010000000000000e+05 1.358750000000000000e+05 1.396490000000000000e+05 1.434240000000000000e+05 1.471980000000000000e+05 1.509730000000000000e+05 1.547470000000000000e+05 1.585210000000000000e+05 1.622960000000000000e+05 1.660700000000000000e+05 1.698450000000000000e+05 1.736190000000000000e+05 1.773930000000000000e+05 1.811680000000000000e+05 1.849420000000000000e+05 1.887170000000000000e+05 1.924910000000000000e+05 1.962650000000000000e+05 2.000400000000000000e+05 2.038140000000000000e+05 2.075890000000000000e+05 2.113630000000000000e+05 2.151370000000000000e+05 2.189120000000000000e+05 2.226860000000000000e+05 2.264610000000000000e+05 2.302350000000000000e+05 2.340090000000000000e+05 2.377840000000000000e+05 2.415580000000000000e+05 2.453330000000000000e+05
3.803600000000000000e+04 3.397100000000000000e+04 3.019600000000000000e+04 2.642200000000000000e+04 2.264700000000000000e+04 1.887300000000000000e+04 1.509800000000000000e+04 1.132300000000000000e+04 7.549000000000000000e+03 3.774000000000000000e+03 0.000000000000000000e+00 3.775000000000000000e+03 7.550000000000000000e+03 1.132400000000000000e+04 1.509900000000000000e+04 1.887300000000000000e+04 2.264800000000000000e+04 2.642300000000000000e+04 3.019700000000000000e+04 3.397200000000000000e+04 3.774600000000000000e+04 4.152100000000000000e+04 4.529600000000000000e+04 4.907000000000000000e+04 5.284500000000000000e+04 5.661900000000000000e+04 6.039400000000000000e+04 6.416900000000000000e+04 6.794300000000000000e+04 7.171700000000000000e+04 7.549100000000000000e+04 7.926400000000000000e+04 8.303700000000000000e+04 8.681000000000000000e+04 9.058400000000000000e+04 9.435800000000000000e+04 9.813200000000000000e+04 1.019060000000000000e+05 1.056800000000000000e+05 1.094550000000000000e+05 1.132290000000000000e+05 1.170030000000000000e+05 1.207780000000000000e+05 1.245520000000000000e+05 1.283270000000000000e+05 1.321010000000000000e+05 1.358750000000000000e+05 1.396500000000000000e+05 1.434240000000000000e+05 1.471990000000000000e+05 1.509730000000000000e+05 1.547470000000000000e+05 1.585220000000000000e+05 1.622960000000000000e+05 1.660710000000000000e+05 1.698450000000000000e+05 1.736190000000000000e+05 1.773940000000000000e+05 1.811680000000000000e+05 1.849430000000000000e+05 1.887170000000000000e+05 1.924910000000000000e+05 1.962660000000000000e+05 2.000400000000000000e+05 2.038150000000000000e+05 2.075890000000000000e+05 2.113630000000000000e+05 2.151380000000000000e+05 2.189120000000000000e+05 2.226870000000000000e+05 2.264610000000000000e+05 2.302350000000000000e+05 2.340100000000000000e+05 2.377840000000000000e+05 2.415590000000000000e+05
4.181100000000000000e+04 3.774600000000000000e+04 3.397100000000000000e+04 3.019700000000000000e+04 2.642200000000000000e+04 2.264800000000000000e+04 1.887300000000000000e+04 1.509800000000000000e+04 1.132400000000000000e+04 7.549000000000000000e+03 3.775000000000000000e+03 0.000000000000000000e+00 3.775000000000000000e+03 7.549000000000000000e+03 1.132400000000000000e+04 1.509800000000000000e+04 1.887300000000000000e+04 2.264800000000000000e+04 2.642200000000000000e+04 3.019700000000000000e+04 3.397100000000000000e+04 3.774600000000000000e+04 4.152100000000000000e+04 4.529500000000000000e+04 4.907000000000000000e+04 5.284400000000000000e+04 5.661900000000000000e+04 6.039400000000000000e+04 6.416800000000000000e+04 6.794200000000000000e+04 7.171600000000000000e+04 7.548900000000000000e+04 7.926200000000000000e+04 8.303500000000000000e+04 8.680900000000000000e+04 9.058300000000000000e+04 9.435700000000000000e+04 9.813100000000000000e+04 1.019050000000000000e+05 1.056800000000000000e+05 1.094540000000000000e+05 1.132280000000000000e+05 1.170030000000000000e+05 1.207770000000000000e+05 1.245520000000000000e+05 1.283260000000000000e+05 1.321000000000000000e+05 1.358750000000000000e+05 1.396490000000000000e+05 1.434240000000000000e+05 1.471980000000000000e+05 1.509720000000000000e+05 1.547470000000000000e+05 1.585210000000000000e+05 1.622960000000000000e+05 1.660700000000000000e+05 1.698440000000000000e+05 1.736190000000000000e+05 1.773930000000000000e+05 1.811680000000000000e+05 1.849420000000000000e+05 1.887160000000000000e+05 1.924910000000000000e+05 1.962650000000000000e+05 2.000400000000000000e+05 2.038140000000000000e+05 2.075880000000000000e+05 2.113630000000000000e+05 2.151370000000000000e+05 2.189120000000000000e+05 2.226860000000000000e+05 2.264600000000000000e+05 2.302350000000000000e+05 2.340090000000000000e+05 2.377840000000000000e+05
4.558600000000000000e+04 4.152100000000000000e+04 3.774600000000000000e+04 3.397200000000000000e+04 3.019700000000000000e+04 2.642300000000000000e+04 2.264800000000000000e+04 1.887300000000000000e+04 1.509900000000000000e+04 1.132400000000000000e+04 7.550000000000000000e+03 3.775000000000000000e+03 0.000000000000000000e+00 3.774000000000000000e+03 7.549000000000000000e+03 1.132300000000000000e+04 1.509800000000000000e+04 1.887300000000000000e+04 2.264700000000000000e+04 2.642200000000000000e+04 3.019600000000000000e+04 3.397100000000000000e+04 3.774600000000000000e+04 4.152000000000000000e+04 4.529500000000000000e+04 4.906900000000000000e+04 5.284400000000000000e+04 5.661900000000000000e+04 6.039300000000000000e+04 6.416700000000000000e+04 6.794100000000000000e+04 7.171400000000000000e+04 7.548700000000000000e+04 7.926000000000000000e+04 8.303400000000000000e+04 8.680800000000000000e+04 9.058200000000000000e+04 9.435600000000000000e+04 9.813000000000000000e+04 1.019050000000000000e+05 1.056790000000000000e+05 1.094530000000000000e+05 1.132280000000000000e+05 1.170020000000000000e+05 1.207770000000000000e+05 1.245510000000000000e+05 1.283250000000000000e+05 1.321000000000000000e+05 1.358740000000000000e+05 1.396490000000000000e+05 1.434230000000000000e+05 1.471970000000000000e+05 1.509720000000000000e+05 1.547460000000000000e+05 1.585210000000000000e+05 1.622950000000000000e+05 1.660690000000000000e+05 1.698440000000000000e+05 1.736180000000000000e+05 1.773930000000000000e+05 1.811670000000000000e+05 1.849410000000000000e+05 1.887160000000000000e+05 1.924900000000000000e+05 1.962650000000000000e+05 2.000390000000000000e+05 2.038130000000000000e+05 2.075880000000000000e+05 2.113620000000000000e+05 2.151370000000000000e+05 2.189110000000000000e+05 2.226850000000000000e+05 2.264600000000000000e+05 2.302340000000000000e+05 2.340090000000000000e+05
4.936000000000000000e+04 4.529500000000000000e+04 4.152000000000000000e+04 3.774600000000000000e+04 3.397100000000000000e+04 3.019700000000000000e+04 2.642200000000000000e+04 2.264700000000000000e+04 1.887300000000000000e+04 1.509800000000000000e+04 1.132400000000000000e+04 7.549000000000000000e+03 3.774000000000000000e+03 0.000000000000000000e+00 3.775000000000000000e+03 7.549000000000000000e+03 1.132400000000000000e+04 1.509900000000000000e+04 1.887300000000000000e+04 2.264800000000000000e+04 2.642200000000000000e+04 3.019700000000000000e+04 3.397200000000000000e+04 3.774600000000000000e+04 4.152100000000000000e+04 4.529500000000000000e+04 4.907000000000000000e+04 5.284500000000000000e+04 5.661900000000000000e+04 6.039300000000000000e+04 6.416700000000000000e+04 6.794000000000000000e+04 7.171300000000000000e+04 7.548600000000000000e+04 7.926000000000000000e+04 8.303400000000000000e+04 8.680800000000000000e+04 9.058200000000000000e+04 9.435600000000000000e+04 9.813100000000000000e+04 1.019050000000000000e+05 1.056790000000000000e+05 1.094540000000000000e+05 1.132280000000000000e+05 1.170030000000000000e+05 1.207770000000000000e+05 1.245510000000000000e+05 1.283260000000000000e+05 1.321000000000000000e+05 1.358750000000000000e+05 1.396490000000000000e+05 1.434230000000000000e+05 1.471980000000000000e+05 1.509720000000000000e+05 1.547470000000000000e+05 1.585210000000000000e+05 1.622950000000000000e+05 1.660700000000000000e+05 1.698440000000000000e+05 1.736190000000000000e+05 1.773930000000000000e+05 1.811670000000000000e+05 1.849420000000000000e+05 1.887160000000000000e+05 1.924910000000000000e+05 1.962650000000000000e+05 2.000390000000000000e+05 2.038140000000000000e+05 2.075880000000000000e+05 2.113630000000000000e+05 2.151370000000000000e+05 2.189110000000000000e+05 2.226860000000000000e+05 2.264600000000000000e+05 2.302350000000000000e+05
5.313500000000000000e+04 4.907000000000000000e+04 4.529500000000000000e+04 4.152100000000000000e+04 3.774600000000000000e+04 3.397200000000000000e+04 3.019700000000000000e+04 2.642200000000000000e+04 2.264800000000000000e+04 1.887300000000000000e+04 1.509900000000000000e+04 1.132400000000000000e+04 7.549000000000000000e+03 3.775000000000000000e+03 0.000000000000000000e+00 3.774000000000000000e+03 7.549000000000000000e+03 1.132400000000000000e+04 1.509800000000000000e+04 1.887300000000000000e+04 2.264700000000000000e+04 2.642200000000000000e+04 3.019700000000000000e+04 3.397100000000000000e+04 3.774600000000000000e+04 4.152000000000000000e+04 4.529500000000000000e+04 4.907000000000000000e+04 5.284400000000000000e+04 5.661800000000000000e+04 6.039200000000000000e+04 6.416500000000000000e+04 6.793800000000000000e+04 7.171100000000000000e+04 7.548500000000000000e+04 7.925900000000000000e+04 8.303300000000000000e+04 8.680700000000000000e+04 9.058100000000000000e+04 9.435600000000000000e+04 9.813000000000000000e+04 1.019040000000000000e+05 1.056790000000000000e+05 1.094530000000000000e+05 1.132280000000000000e+05 1.170020000000000000e+05 1.207760000000000000e+05 1.245510000000000000e+05 1.283250000000000000e+05 1.321000000000000000e+05 1.358740000000000000e+05 1.396480000000000000e+05 1.434230000000000000e+05 1.471970000000000000e+05 1.509720000000000000e+05 1.547460000000000000e+05 1.585200000000000000e+05 1.622950000000000000e+05 1.660690000000000000e+05 1.698440000000000000e+05 1.736180000000000000e+05 1.773920000000000000e+05 1.811670000000000000e+05 1.849410000000000000e+05 1.887160000000000000e+05 1.924900000000000000e+05 1.962640000000000000e+05 2.000390000000000000e+05 2.038130000000000000e+05 2.075880000000000000e+05 2.113620000000000000e+05 2.151360000000000000e+05 2.189110000000000000e+05 2.226850000000000000e+05 2.264600000000000000e+05
5.690900000000000000e+04 5.284400000000000000e+04 4.906900000000000000e+04 4.529500000000000000e+04 4.152000000000000000e+04 3.774600000000000000e+04 3.397100000000000000e+04 3.019600000000000000e+04 2.642200000000000000e+04 2.264700000000000000e+04 1.887300000000000000e+04 1.509800000000000000e+04 1.132300000000000000e+04 7.549000000000000000e+03 3.774000000000000000e+03 0.000000000000000000e+00 3.775000000000000000e+03 7.550000000000000000e+03 1.132400000000000000e+04 1.509900000000000000e+04 1.887300000000000000e+04 2.264800000000000000e+04 2.642300000000000000e+04 3.019700000000000000e+04 3.397200000000000000e+04 3.774600000000000000e+04 4.152100000000000000e+04 4.529600000000000000e+04 4.907000000000000000e+04 5.284400000000000000e+04 5.661800000000000000e+04 6.039100000000000000e+04 6.416400000000000000e+04 6.793700000000000000e+04 7.171100000000000000e+04 7.548500000000000000e+04 7.925900000000000000e+04 8.303300000000000000e+04 8.680700000000000000e+04 9.058200000000000000e+04 9.435600000000000000e+04 9.813000000000000000e+04 1.019050000000000000e+05 1.056790000000000000e+05 1.094540000000000000e+05 1.132280000000000000e+05 1.170020000000000000e+05 1.207770000000000000e+05 1.245510000000000000e+05 1.283260000000000000e+05 1.321000000000000000e+05 1.358740000000000000e+05 1.396490000000000000e+05 1.434230000000000000e+05 1.471980000000000000e+05 1.509720000000000000e+05 1.547460000000000000e+05 1.585210000000000000e+05 1.622950000000000000e+05 1.660700000000000000e+05 1.698440000000000000e+05 1.736180000000000000e+05 1.773930000000000000e+05 1.811670000000000000e+05 1.849420000000000000e+05 1.887160000000000000e+05 1.924900000000000000e+05 1.962650000000000000e+05 2.000390000000000000e+05 2.038140000000000000e+05 2.075880000000000000e+05 2.113620000000000000e+05 2.151370000000000000e+05 2.189110000000000000e+05 2.226860000000000000e+05
6.068400000000000000e+04 5.661900000000000000e+04 5.284400000000000000e+04 4.907000000000000000e+04 4.529500000000000000e+04 4.152100000000000000e+04 3.774600000000000000e+04 3.397100000000000000e+04 3.019700000000000000e+04 2.642200000000000000e+04 2.264800000000000000e+04 1.887300000000000000e+04 1.509800000000000000e+04 1.132400000000000000e+04 7.549000000000000000e+03 3.775000000000000000e+03 0.000000000000000000e+00 3.775000000000000000e+03 7.549000000000000000e+03 1.132400000000000000e+04 1.509800000000000000e+04 1.887300000000000000e+04 2.264800000000000000e+04 2.642200000000000000e+04 3.019700000000000000e+04 3.397100000000000000e+04 3.774600000000000000e+04 4.152100000000000000e+04 4.529500000000000000e+04 4.906900000000000000e+04 5.284300000000000000e+04 5.661600000000000000e+04 6.038900000000000000e+04 6.416200000000000000e+04 6.793600000000000000e+04 7.171000000000000000e+04 7.548400000000000000e+04 7.925800000000000000e+04 8.303200000000000000e+04 8.680700000000000000e+04 9.058100000000000000e+04 9.435500000000000000e+04 9.813000000000000000e+04 1.019040000000000000e+05 1.056790000000000000e+05 1.094530000000000000e+05 1.132270000000000000e+05 1.170020000000000000e+05 1.207760000000000000e+05 1.245510000000000000e+05 1.283250000000000000e+05 1.320990000000000000e+05 1.358740000000000000e+05 1.396480000000000000e+05 1.434230000000000000e+05 1.471970000000000000e+05 1.509710000000000000e+05 1.547460000000000000e+05 1.585200000000000000e+05 1.622950000000000000e+05 1.660690000000000000e+05 1.698430000000000000e+05 1.736180000000000000e+05 1.773920000000000000e+05 1.811670000000000000e+05 1.849410000000000000e+05 1.887150000000000000e+05 1.924900000000000000e+05 1.962640000000000000e+05 2.000390000000000000e+05 2.038130000000000000e+05 2.075870000000000000e+05 2.113620000000000000e+05 2.151360000000000000e+05 2.189110000000000000e+05
6.445900000000000000e+04 6.039400000000000000e+04 5.661900000000000000e+04 5.284500000000000000e+04 4.907000000000000000e+04 4.529600000000000000e+04 4.152100000000000000e+04 3.774600000000000000e+04 3.397200000000000000e+04 3.019700000000000000e+04 2.642300000000000000e+04 2.264800000000000000e+04 1.887300000000000000e+04 1.509900000000000000e+04 1.132400000000000000e+04 7.550000000000000000e+03 3.775000000000000000e+03 0.000000000000000000e+00 3.774000000000000000e+03 7.549000000000000000e+03 1.132300000000000000e+04 1.509800000000000000e+04 1.887300000000000000e+04 2.264700000000000000e+04 2.642200000000000000e+04 3.019600000000000000e+04 3.397100000000000000e+04 3.774600000000000000e+04 4.152000000000000000e+04 4.529400000000000000e+04 4.906800000000000000e+04 5.284100000000000000e+04 5.661400000000000000e+04 6.038700000000000000e+04 6.416100000000000000e+04 6.793500000000000000e+04 7.170900000000000000e+04 7.548300000000000000e+04 7.925700000000000000e+04 8.303200000000000000e+04 8.680600000000000000e+04 9.058000000000000000e+04 9.435500000000000000e+04 9.812900000000000000e+04 1.019040000000000000e+05 1.056780000000000000e+05 1.094520000000000000e+05 1.132270000000000000e+05 1.170010000000000000e+05 1.207760000000000000e+05 1.245500000000000000e+05 1.283240000000000000e+05 1.320990000000000000e+05 1.358730000000000000e+05 1.396480000000000000e+05 1.434220000000000000e+05 1.471960000000000000e+05 1.509710000000000000e+05 1.547450000000000000e+05 1.585200000000000000e+05 1.622940000000000000e+05 1.660680000000000000e+05 1.698430000000000000e+05 1.736170000000000000e+05 1.773920000000000000e+05 1.811660000000000000e+05 1.849400000000000000e+05 1.887150000000000000e+05 1.924890000000000000e+05 1.962640000000000000e+05 2.000380000000000000e+05 2.038120000000000000e+05 2.075870000000000000e+05 2.113610000000000000e+05 2.151360000000000000e+05
6.823300000000000000e+04 6.416800000000000000e+04 6.039300000000000000e+04 5.661900000000000000e+04 5.284400000000000000e+04 4.907000000000000000e+04 4.529500000000000000e+04 4.152000000000000000e+04 3.774600000000000000e+04 3.397100000000000000e+04 3.019700000000000000e+04 2.642200000000000000e+04 2.264700000000000000e+04 1.887300000000000000e+04 1.509800000000000000e+04 1.132400000000000000e+04 7.549000000000000000e+03 3.774000000000000000e+03 0.000000000000000000e+00 3.775000000000000000e+03 7.549000000000000000e+03 1.132400000000000000e+04 1.509900000000000000e+04 1.887300000000000000e+04 2.264800000000000000e+04 2.642200000000000000e+04 3.019700000000000000e+04 3.397200000000000000e+04 3.774600000000000000e+04 4.152000000000000000e+04 4.529400000000000000e+04 4.906700000000000000e+04 5.284000000000000000e+04 5.661300000000000000e+04 6.038700000000000000e+04 6.416100000000000000e+04 6.793500000000000000e+04 7.170900000000000000e+04 7.548300000000000000e+04 7.925800000000000000e+04 8.303200000000000000e+04 8.680600000000000000e+04 9.058100000000000000e+04 9.435500000000000000e+04 9.813000000000000000e+04 1.019040000000000000e+05 1.056780000000000000e+05 1.094530000000000000e+05 1.132270000000000000e+05 1.170020000000000000e+05 1.207760000000000000e+05 1.245500000000000000e+05 1.283250000000000000e+05 1.320990000000000000e+05 1.358740000000000000e+05 1.396480000000000000e+05 1.434220000000000000e+05 1.471970000000000000e+05 1.509710000000000000e+05 1.547460000000000000e+05 1.585200000000000000e+05 1.622940000000000000e+05 1.660690000000000000e+05 1.698430000000000000e+05 1.736180000000000000e+05 1.773920000000000000e+05 1.811660000000000000e+05 1.849410000000000000e+05 1.887150000000000000e+05 1.924900000000000000e+05 1.962640000000000000e+05 2.000380000000000000e+05 2.038130000000000000e+05 2.075870000000000000e+05 2.113620000000000000e+05
7.200800000000000000e+04 6.794300000000000000e+04 6.416800000000000000e+04 6.039400000000000000e+04 5.661900000000000000e+04 5.284500000000000000e+04 4.907000000000000000e+04 4.529500000000000000e+04 4.152100000000000000e+04 3.774600000000000000e+04 3.397200000000000000e+04 3.019700000000000000e+04 2.642200000000000000e+04 2.264800000000000000e+04 1.887300000000000000e+04 1.509900000000000000e+04 1.132400000000000000e+04 7.549000000000000000e+03 3.775000000000000000e+03 0.000000000000000000e+00 3.774000000000000000e+03 7.549000000000000000e+03 1.132400000000000000e+04 1.509800000000000000e+04 1.887300000000000000e+04 2.264700000000000000e+04 2.642200000000000000e+04 3.019700000000000000e+04 3.397100000000000000e+04 3.774500000000000000e+04 4.151900000000000000e+04 4.529200000000000000e+04 4.906500000000000000e+04 5.283800000000000000e+04 5.661200000000000000e+04 6.038600000000000000e+04 6.416000000000000000e+04 6.793400000000000000e+04 7.170800000000000000e+04 7.548300000000000000e+04 7.925700000000000000e+04 8.303100000000000000e+04 8.680600000000000000e+04 9.058000000000000000e+04 9.435500000000000000e+04 9.812900000000000000e+04 1.019030000000000000e+05 1.056780000000000000e+05 1.094520000000000000e+05 1.132270000000000000e+05 1.170010000000000000e+05 1.207750000000000000e+05 1.245500000000000000e+05 1.283240000000000000e+05 1.320990000000000000e+05 1.358730000000000000e+05 1.396470000000000000e+05 1.434220000000000000e+05 1.471960000000000000e+05 1.509710000000000000e+05 1.547450000000000000e+05 1.585190000000000000e+05 1.622940000000000000e+05 1.660680000000000000e+05 1.698430000000000000e+05 1.736170000000000000e+05 1.773910000000000000e+05 1.811660000000000000e+05 1.849400000000000000e+05 1.887150000000000000e+05 1.924890000000000000e+05 1.962630000000000000e+05 2.000380000000000000e+05 2.038120000000000000e+05 2.075870000000000000e+05
7.578200000000000000e+04 7.171700000000000000e+04 6.794200000000000000e+04 6.416800000000000000e+04 6.039300000000000000e+04 5.661900000000000000e+04 5.284400000000000000e+04 4.906900000000000000e+04 4.529500000000000000e+04 4.152000000000000000e+04 3.774600000000000000e+04 3.397100000000000000e+04 3.019600000000000000e+04 2.642200000000000000e+04 2.264700000000000000e+04 1.887300000000000000e+04 1.509800000000000000e+04 1.132300000000000000e+04 7.549000000000000000e+03 3.774000000000000000e+03 0.000000000000000000e+00 3.775000000000000000e+03 7.550000000000000000e+03 1.132400000000000000e+04 1.509900000000000000e+04 1.887300000000000000e+04 2.264800000000000000e+04 2.642300000000000000e+04 3.019700000000000000e+04 3.397100000000000000e+04 3.774500000000000000e+04 4.151800000000000000e+04 4.529100000000000000e+04 4.906400000000000000e+04 5.283800000000000000e+04 5.661200000000000000e+04 6.038600000000000000e+04 6.416000000000000000e+04 6.793400000000000000e+04 7.170900000000000000e+04 7.548300000000000000e+04 7.925700000000000000e+04 8.303200000000000000e+04 8.680600000000000000e+04 9.058100000000000000e+04 9.435500000000000000e+04 9.812900000000000000e+04 1.019040000000000000e+05 1.056780000000000000e+05 1.094530000000000000e+05 1.132270000000000000e+05 1.170010000000000000e+05 1.207760000000000000e+05 1.245500000000000000e+05 1.283250000000000000e+05 1.320990000000000000e+05 1.358730000000000000e+05 1.396480000000000000e+05 1.434220000000000000e+05 1.471970000000000000e+05 1.509710000000000000e+05 1.547450000000000000e+05 1.585200000000000000e+05 1.622940000000000000e+05 1.660690000000000000e+05 1.698430000000000000e+05 1.736170000000000000e+05 1.773920000000000000e+05 1.811660000000000000e+05 1.849410000000000000e+05 1.887150000000000000e+05 1.924890000000000000e+05 1.962640000000000000e+05 2.000380000000000000e+05 2.038130000000000000e+05
